Aviz_1,Aviz_2,Aviz_3,Aviz_4,Aviz_5,Aviz_6,Aviz_7,Aviz_8,Aviz_9,Aviz_10,Aviz_11,Aviz_12,Aviz_13,Aviz_14,Aviz_15,Aviz_16,Aviz_17,Aviz_18,Aviz_19,Aviz_20,Aviz_21,Aviz_22,Aviz_23,Aviz_24,Aviz_25,Aviz_26,Aviz_27,Aviz_28,Aviz_29,Aviz_30,Aviz_31,Aviz_32,Aviz_33,Aviz_34,Aviz_35,Aviz_36,Aviz_37,Aviz_38,Aviz_39,Aviz_40,Aviz_41,Aviz_42,Aviz_43,Aviz_44,Aviz_45,Aviz_46,Aviz_47,Aviz_48,Aviz_49,Aviz_50,Aviz_51,Aviz_52,Aviz_53,Aviz_54,Aviz_55,Aviz_56,Aviz_57,Aviz_58,Aviz_59,Aviz_60,Aviz_61,Aviz_62,Aviz_63,Aviz_64,Aviz_65,Aviz_66,Aviz_67,Aviz_68,Aviz_69,Aviz_70,Aviz_71,Aviz_72,Aviz_73,Aviz_74,Aviz_75,Aviz_76,Aviz_77,Aviz_78,Aviz_79,Aviz_80,Aviz_81,Aviz_82,Aviz_83,Aviz_84,Aviz_85,Aviz_86,Aviz_87,Aviz_88,Aviz_89,Aviz_90,Aviz_91,Aviz_92,Aviz_93,Aviz_94,Aviz_95,Aviz_96,Aviz_97,Aviz_98,Aviz_99,Aviz_100,Aviz_101,Aviz_102,Aviz_103,Aviz_104,Aviz_105,Aviz_106,Aviz_107,Aviz_108,Aviz_109,Aviz_110,Aviz_111,Aviz_112,Aviz_113,Aviz_114,Aviz_115,Aviz_116,Aviz_117,Aviz_118,Aviz_119,Aviz_120,Aviz_121,Aviz_122,Aviz_123,Aviz_124,Aviz_125,Aviz_126,Aviz_127,Aviz_128,Aviz_129,Aviz_130,Aviz_131,Aviz_132,Aviz_133,Aviz_134,Aviz_135,Aviz_136,Aviz_137,Aviz_138,Aviz_139,Aviz_140,Aviz_141,Aviz_142,Aviz_143,Aviz_144,Aviz_145,Aviz_146,Aviz_147,Aviz_148,Aviz_149,Aviz_150,Aviz_151,Aviz_152,Aviz_153,Aviz_154,Aviz_155,Aviz_156,Aviz_157,Aviz_158
0,4.33239805854975,4.56118489378909,4.95925610024588,4.78794904656859,4.92521408049851,0,0,0,4.90281846808225,0,4.57616851960781,0,4.22372950936488,0,0,0,3.90816320005555,0,4.50815249331495,0,0,0,0,0,0,0,0,0,0,0,0,0,0,0,0,0,0,0,0,0,0,0,0,0,0,0,0,0,0,0,0,0,0,0,0,0,0,0,0,0,0,0,0,0,0,0,0,0,0,0,0,0,0,0,0,0,0,4.61462306018531,3.82704601700473,4.19329160257952,4.35499150297848,4.4323277922616,4.69868327534698,0,0,0,0,0,4.20490642890257,0,0,0,0,0,0,0,0,0,0,0,0,0,0,0,0,0,0,0,0,0,0,0,0,0,0,0,0,0,0,0,0,0,0,0,0,0,0,0,0,0,0,0,0,0,0,0,0,0,0,0,0,0,0,0,0,0,0,0,0,0,0,0,0,0,0,0,0
4.33239805854975,0,0,0,4.96704693828516,4.91015464337028,4.4944328987264,3.77880220401324,4.77671570864459,4.27330227856766,0,0,0,4.70079022137435,0,0,0,0,0,0,0,0,0,3.93018465229862,0,0,0,0,0,0,0,0,0,0,0,0,0,0,0,0,0,0,0,0,0,0,0,0,0,0,0,0,0,0,0,0,0,0,0,0,0,0,0,0,0,0,0,0,0,0,0,0,0,0,0,0,0,0,4.00311571709981,4.54306179801462,0,4.29710365014926,0,4.67293791299253,3.88166990767206,4.41158603841936,0,4.43950637688873,0,0,0,0,0,0,0,0,0,0,0,0,0,0,0,0,0,0,0,0,0,0,0,0,0,0,0,0,0,0,0,0,0,0,0,0,0,0,0,0,0,0,0,0,0,0,0,0,0,0,0,0,0,0,0,0,0,0,0,0,0,0,0,0,0,0,0,0,0,0
4.56118489378909,0,0,4.68504272337555,0,0,0,0,0,4.91128548031276,0,5.02521981726804,4.55354322208026,0,0,0,0,4.10253660687407,0,4.54275075673258,4.60150591256321,0,3.81967551999429,0,0,0,0,0,0,0,4.28445329401085,0,0,0,0,0,0,0,0,0,0,0,0,0,0,0,3.98457231562163,0,0,0,0,0,0,0,0,0,0,0,0,0,0,0,0,0,0,0,0,0,0,0,0,0,0,0,0,0,0,0,4.11210205477089,0,4.44572871430711,0,4.04281169180715,4.09408662708319,0,0,0,0,0,4.3285834497142,0,0,0,0,0,0,4.03682843337711,0,0,0,0,0,0,0,0,0,0,0,0,0,0,0,0,0,0,0,0,0,0,0,0,0,0,0,0,0,0,0,0,0,0,0,0,0,0,0,0,0,0,0,0,0,0,0,0,0,0,0,0,0,0,0,0,0,0,0,0,0
4.95925610024588,0,4.68504272337555,0,4.88563822060209,4.71561063073492,0,4.47671572392606,0,4.76911135006584,4.41371876506108,5.03797201155678,0,0,0,0,0,4.33593906903173,0,4.42373724998233,3.9120625555885,0,0,0,0,0,0,0,0,0,4.12991535750442,0,0,0,0,0,0,0,0,0,0,0,0,0,0,0,0,0,0,0,0,0,0,0,0,0,0,0,0,0,0,0,0,0,0,0,0,0,0,0,0,0,0,0,0,0,0,0,4.411434502165,0,4.11958577496178,4.13369854611578,4.38758557071528,4.5331617369606,0,0,0,0,0,4.14516531735066,0,0,0,0,0,0,0,0,0,0,0,0,0,0,0,0,0,0,0,0,0,0,0,0,0,0,0,0,0,0,0,0,0,0,0,0,0,0,0,0,0,0,0,0,0,0,0,0,0,0,0,0,0,0,0,0,0,0,0,0,0,0,0,0,0,0,0,0
4.78794904656859,4.96704693828516,0,4.88563822060209,0,5.05173505129779,3.92100980149703,4.91030416806857,4.94960466097297,4.57734241361154,4.19434780728009,4.20606992374019,0,4.76180760185223,0,4.15679136800393,0,4.31580246973705,3.86278709823534,0,0,0,0,4.32487894311199,0,0,0,0,0,0,0,0,0,0,0,0,0,0,0,0,0,0,0,0,0,0,0,0,0,0,0,0,0,0,0,0,0,0,0,0,0,0,0,0,0,0,0,0,0,0,0,0,0,0,0,0,0,0,4.30308801052805,4.43543025158297,0,4.54291252600035,4.03096384237828,4.79068619090458,0,4.35856297666106,0,3.91376088641232,0,0,0,0,0,0,0,0,0,0,0,0,0,0,0,0,0,0,0,0,0,0,0,0,0,0,0,0,0,0,0,0,0,0,0,0,0,0,0,0,0,0,0,0,0,0,0,0,0,0,0,0,0,0,0,0,0,0,0,0,0,0,0,0,0,0,0,0,0,0
4.92521408049851,4.91015464337028,0,4.71561063073492,5.05173505129779,0,4.20224303762481,3.88980575186809,4.51454775266029,5.07917038854986,0,3.99056082999402,0,5.12725709882599,0,0,0,3.96113621738723,0,4.44156946263632,0,0,0,3.86658267706355,0,0,0,0,0,0,0,0,0,0,0,0,0,0,0,0,0,0,0,0,0,0,0,0,0,0,0,0,0,0,0,0,0,0,0,0,0,0,0,0,0,0,0,0,0,0,0,0,0,0,0,0,0,0,4.62252486240357,4.61914552634604,0,4.70212883828688,4.39731417390885,5.09528096297965,3.8694077493822,4.49405714522175,0,4.60550975211139,0,3.87737134586977,0,0,0,0,4.26646689544024,0,0,0,0,0,0,0,4.15712419550487,0,0,0,0,0,0,0,0,0,0,0,0,4.11431067686842,0,0,0,0,0,0,0,0,4.07736790528416,0,0,0,0,0,0,0,0,0,0,0,0,0,0,0,0,0,0,0,0,0,0,0,0,0,0,0,0,0,0,0,0,0
0,4.4944328987264,0,0,3.92100980149703,4.20224303762481,0,0,4.99660797678412,0,0,0,0,4.73923997015154,4.54992240412951,3.90848501887865,4.78349623722452,0,0,0,0,0,0,4.19242805533121,0,0,0,0,0,0,0,0,0,0,0,0,0,0,0,0,0,0,0,0,0,0,0,0,0,0,0,0,0,0,0,0,0,0,0,0,0,0,0,0,0,0,0,0,0,0,0,0,0,0,0,0,0,0,0,4.00216606175651,0,0,0,4.21790487420266,4.3591712057167,4.37981295586094,0,4.85690402252099,0,0,3.88879706745668,0,0,0,4.554598174224,0,0,0,0,0,0,0,0,0,0,0,0,0,0,0,0,0,0,0,0,0,0,0,0,0,0,0,0,0,0,0,0,0,0,0,0,0,0,0,0,0,0,0,0,0,0,0,0,0,0,0,0,0,0,0,0,0,0,0,0,0,0,0
0,3.77880220401324,0,4.47671572392606,4.91030416806857,3.88980575186809,0,0,4.58271091094667,0,4.67497130718204,4.38120536123858,0,0,0,4.71417043331956,0,4.64692300047849,4.79299368055968,0,0,0,0,4.71200957155855,0,0,0,0,0,0,4.16241503610645,0,0,0,4.12332886692635,0,0,0,0,0,0,0,0,0,0,0,0,0,0,0,0,0,0,0,0,0,0,0,0,0,0,0,0,0,0,0,0,0,0,0,0,0,0,0,0,0,0,0,0,0,0,0,0,0,0,0,0,0,0,0,0,0,0,0,0,0,0,0,0,0,0,0,0,0,0,0,0,0,0,0,0,0,0,0,0,0,0,0,0,0,0,0,0,0,0,0,0,0,0,0,0,0,0,0,0,0,0,0,0,0,0,0,0,0,0,0,0,0,0,0,0,0,0,0,0,0,0,0
0,4.77671570864459,0,0,4.94960466097297,4.51454775266029,4.99660797678412,4.58271091094667,0,0,0,0,0,4.74885446764594,3.93247376467715,4.73621318335188,4.85896406400924,0,0,0,0,0,0,4.43237593753984,0,0,0,0,0,0,0,0,0,0,0,0,0,0,0,0,0,0,0,0,0,0,0,0,0,0,0,0,0,0,0,0,0,0,0,0,0,0,0,0,0,0,0,0,0,0,0,0,0,0,0,0,0,0,0,4.30174599102526,0,0,0,4.48422863769372,4.16613397030511,4.50631557916451,0,4.57850168070681,0,0,0,0,0,0,4.08912762904428,0,0,0,0,0,0,0,0,0,0,0,0,0,0,0,0,0,0,0,0,0,0,0,0,0,0,0,0,0,0,0,0,0,0,0,0,0,0,0,0,0,0,0,0,0,0,0,0,0,0,0,0,0,0,0,0,0,0,0,0,0,0,0
4.90281846808225,4.27330227856766,4.91128548031276,4.76911135006584,4.57734241361154,5.07917038854986,0,0,0,0,0,4.83979218444533,4.74362733757089,4.92571937390974,0,0,0,0,0,5.153232366892,4.51518478171752,0,0,0,0,0,0,0,0,0,0,0,0,0,0,0,0,0,0,0,0,0,0,0,0,0,0,0,0,0,0,0,0,0,3.98918275125555,0,0,0,0,0,0,0,0,0,0,0,0,0,0,0,0,0,0,0,0,0,0,0,4.87797571190084,4.27049250363862,4.88392817466881,4.66982806133252,4.7529008265088,5.1634893581927,0,0,0,0,0,4.88732467180912,0,0,0,0,4.30487811769828,0,4.64554016135051,3.91871166538232,0,0,0,0,4.24922282399667,0,0,0,0,0,0,0,0,0,0,0,0,4.20240657263938,0,0,0,0,0,0,0,0,4.16746502884309,0,0,0,0,0,0,0,0,0,0,0,0,0,0,0,0,0,0,0,0,0,0,0,0,0,0,0,0,0,0,0,0,0
0,0,0,4.41371876506108,4.19434780728009,0,0,4.67497130718204,0,0,0,4.80215775318696,0,0,0,0,0,4.63777982937416,4.16016829295851,0,0,0,0,3.91513590662201,0,0,0,0,0,0,4.10178143132797,0,0,0,0,0,0,0,0,0,0,0,0,0,0,0,0,0,0,0,0,0,0,0,0,0,0,0,0,0,0,0,0,0,0,0,0,0,0,0,0,0,0,0,0,0,0,0,0,0,0,0,0,0,0,0,0,0,0,0,0,0,0,0,0,0,0,0,0,0,0,0,0,0,0,0,0,0,0,0,0,0,0,0,0,0,0,0,0,0,0,0,0,0,0,0,0,0,0,0,0,0,0,0,0,0,0,0,0,0,0,0,0,0,0,0,0,0,0,0,0,0,0,0,0,0,0,0
4.57616851960781,0,5.02521981726804,5.03797201155678,4.20606992374019,3.99056082999402,0,4.38120536123858,0,4.83979218444533,4.80215775318696,0,4.44619531301464,0,0,0,0,4.95111885915453,0,4.46707508351521,4.86317410366005,4.29090233289374,4.11038766587509,3.97703733522468,0,0,0,0,0,0,4.73946949387049,0,0,0,4.54943243709754,0,0,0,0,4.12447161891949,0,0,0,0,4.3372994914068,0,4.4173388103194,0,0,0,0,0,0,0,0,0,0,0,0,0,4.18596689276784,0,0,0,0,0,0,3.92885653358191,3.97877378433012,0,3.91275330367132,0,0,0,0,0,0,0,4.06126394230025,0,4.25837384896812,0,4.06877936300956,4.07561994592878,0,0,0,0,0,4.28762260248619,0,0,0,0,0,0,3.91450182282731,0,0,0,0,0,0,0,0,0,0,0,0,0,0,0,0,0,0,0,0,0,0,0,0,0,0,0,0,0,0,0,0,0,0,0,0,0,0,0,0,0,0,0,0,0,0,0,0,0,0,0,0,0,0,0,0,0,0,0,0,0
0,0,4.55354322208026,0,0,0,0,0,0,4.74362733757089,0,4.44619531301464,0,0,0,0,0,0,0,4.7170960558366,4.71357453777207,0,3.77107278322119,0,0,0,0,0,0,0,0,0,0,0,0,0,0,0,0,0,0,0,0,0,0,0,0,0,0,0,0,0,0,0,0,0,0,0,0,0,0,0,0,0,0,0,0,0,0,0,0,0,0,0,0,0,0,0,0,0,4.50392680419351,0,0,0,0,0,0,0,0,4.54489861335298,0,0,0,0,0,0,4.71374247840908,3.96454246607914,3.89431606268444,0,0,0,0,0,0,0,0,0,0,0,0,0,0,0,0,0,0,0,0,0,0,0,0,0,0,0,0,0,0,0,0,0,0,0,0,0,0,0,0,0,0,0,0,0,0,0,0,0,0,0,0,0,0,0,0,0,0,0
4.22372950936488,4.70079022137435,0,0,4.76180760185223,5.12725709882599,4.73923997015154,0,4.74885446764594,4.92571937390974,0,0,0,0,4.59078612386088,0,4.49068871671319,0,0,4.26121527226859,0,0,0,4.29116897571526,0,0,0,0,0,0,0,0,0,0,0,0,0,0,0,0,0,0,0,0,0,0,0,0,0,0,4.25548959807554,0,0,0,4.42824821434295,0,0,0,0,0,0,0,0,0,0,0,0,0,0,0,0,0,0,0,0,0,0,0,4.25270743300728,4.76687366860107,0,4.60419364183912,0,5.20108563169064,4.67418116277987,4.91053903148969,0,5.08620317162631,0,0,4.47964727876939,0,0,4.35470374462581,5.22558063098924,0,0,0,0,0,0,0,4.80775820619625,4.19086373312875,0,0,0,0,0,0,0,0,0,0,0,4.69366540485922,0,0,0,0,0,0,0,0,4.65128770796321,0,0,0,0,0,0,4.06710806905957,0,0,0,0,0,0,0,0,0,0,0,0,0,0,0,0,0,0,0,0,0,0,0,0,0,0
0,0,0,0,0,0,4.54992240412951,0,3.93247376467715,0,0,0,0,4.59078612386088,0,3.9610887197679,5.10196004591066,0,0,0,0,0,0,4.29536914851001,0,4.6444681323053,0,0,0,0,0,0,0,0,0,0,0,0,0,0,0,0,0,0,0,0,0,0,0,0,0,0,0,0,0,0,0,0,0,0,0,0,0,0,0,0,0,0,0,0,0,0,0,0,0,0,0,0,0,0,0,0,0,0,4.16106838547117,0,0,4.52707540274171,0,0,4.6716633461617,0,0,4.89622850249912,5.19866808161226,0,0,0,0,4.30610320872759,0,0,4.97392179394886,0,0,0,0,0,0,4.43089704902726,0,0,0,0,0,0,0,0,0,0,0,0,0,0,0,0,0,0,0,0,0,0,0,0,0,0,0,0,0,0,0,0,0,0,0,0,0,0,0,0,0,0,0,0,0,0,0,0
0,0,0,0,4.15679136800393,0,3.90848501887865,4.71417043331956,4.73621318335188,0,0,0,0,0,3.9610887197679,0,4.85922238490383,0,4.82374150537387,0,0,0,0,4.80249322411637,4.7340233243131,0,4.94440863837179,0,3.79267178914157,0,0,0,0,0,0,0,0,0,0,0,0,0,0,0,0,0,0,0,0,0,0,0,0,0,0,0,0,0,0,0,0,0,0,0,0,0,0,0,0,0,0,0,0,0,0,0,0,0,0,0,0,0,0,0,0,0,0,0,0,0,0,0,0,0,0,0,0,0,0,0,0,0,0,0,0,0,0,0,0,0,0,0,0,0,0,0,0,0,0,0,0,0,0,0,0,0,0,0,0,0,0,0,0,0,0,0,0,0,0,0,0,0,0,0,0,0,0,0,0,0,0,0,0,0,0,0,0,0
0,0,0,0,0,0,4.78349623722452,0,4.85896406400924,0,0,0,0,4.49068871671319,5.10196004591066,4.85922238490383,0,0,4.02333478253831,0,0,0,0,4.69252085581355,4.8215724784058,4.94319763006893,4.28943286385079,0,0,0,0,4.83140260856939,0,0,0,0,0,0,0,0,0,0,0,0,0,0,0,0,0,0,0,0,0,0,0,0,0,0,0,0,0,0,0,0,0,0,0,0,0,0,0,0,0,0,0,0,0,0,0,0,0,0,0,0,3.92556990954338,0,0,4.22256040916522,0,0,4.47148240662766,0,0,4.60460400566297,5.01931572919318,0,0,0,0,4.23118914548267,0,0,4.81026613081828,0,0,0,0,0,0,4.34468694370562,0,0,0,0,0,0,0,0,0,0,0,0,0,0,0,0,0,0,0,0,0,0,0,0,0,0,0,0,0,0,0,0,0,0,0,0,0,0,0,0,0,0,0,0,0,0,0,0
3.90816320005555,0,4.10253660687407,4.33593906903173,4.31580246973705,3.96113621738723,0,4.64692300047849,0,0,4.63777982937416,4.95111885915453,0,0,0,0,0,0,4.62947076303239,0,4.53736568161789,4.62227620865457,4.0907516896449,4.91470800162466,0,0,0,0,0,0,4.97088592228681,0,0,0,4.6996990068748,0,0,0,0,4.09443618801796,0,0,0,0,4.51251096391834,0,4.4341535710666,0,0,0,0,0,0,0,0,0,0,0,0,0,4.23159700556491,0,0,0,0,0,0,4.00371896382311,4.04218159451577,3.73782850589578,3.96628256216746,0,0,0,0,0,0,0,0,0,0,0,0,0,0,0,0,0,0,0,0,0,0,0,0,0,0,0,0,0,0,0,0,0,0,0,0,0,0,0,0,0,0,0,0,0,0,0,0,0,0,0,0,0,0,0,0,0,0,0,0,0,0,0,0,0,0,0,0,0,0,0,0,0,0,0,0,0,0,0,0,0,0,0,0,0,0,0
0,0,0,0,3.86278709823534,0,0,4.79299368055968,0,0,4.16016829295851,0,0,0,0,4.82374150537387,4.02333478253831,4.62947076303239,0,0,0,0,0,5.06877936300956,0,0,4.65273935768551,0,4.48505386006069,0,4.18449268852842,0,0,0,4.47642582705801,3.91270020819086,0,0,0,0,0,0,0,0,4.28096514809709,0,0,0,0,0,0,0,0,0,0,0,0,0,0,0,0,0,0,0,0,0,0,0,0,0,0,0,0,0,0,0,0,0,0,0,0,0,0,0,0,0,0,0,0,0,0,0,0,0,0,0,0,0,0,0,0,0,0,0,0,0,0,0,0,0,0,0,0,0,0,0,0,0,0,0,0,0,0,0,0,0,0,0,0,0,0,0,0,0,0,0,0,0,0,0,0,0,0,0,0,0,0,0,0,0,0,0,0,0,0,0,0,0
4.50815249331495,0,4.54275075673258,4.42373724998233,0,4.44156946263632,0,0,0,5.153232366892,0,4.46707508351521,4.7170960558366,4.26121527226859,0,0,0,0,0,0,4.63940679489605,0,0,0,0,0,0,0,0,0,0,0,0,0,0,0,0,0,0,0,0,0,0,0,0,0,0,0,0,0,0,0,0,0,0,0,0,0,0,0,0,0,0,0,0,0,0,0,0,0,0,0,0,0,0,0,0,0,4.52953301232324,0,4.57315020446508,3.96051834278071,4.45458572986754,4.6625878571045,0,0,0,0,0,4.64260299754183,0,0,0,0,0,0,4.74778456620863,0,0,0,0,0,0,0,0,0,0,0,0,0,0,0,0,0,0,0,0,0,0,0,0,0,0,0,0,0,0,0,0,0,0,0,0,0,0,0,0,0,0,0,0,0,0,0,0,0,0,0,0,0,0,0,0,0,0,0,0,0
0,0,4.60150591256321,3.9120625555885,0,0,0,0,0,4.51518478171752,0,4.86317410366005,4.71357453777207,0,0,0,0,4.53736568161789,0,4.63940679489605,0,4.44010583903666,4.55978696820056,0,0,0,0,3.81551133736276,0,0,4.65910767919981,0,3.87198135384337,0,4.16423385469261,0,0,0,0,4.00086772153123,0,0,0,0,0,0,4.18358299235102,0,0,0,0,0,0,0,0,0,0,0,0,0,3.96801571399364,0,0,0,0,0,0,0,0,0,0,0,0,0,0,0,0,0,0,0,0,0,0,0,0,0,0,0,0,3.86905561870191,0,0,0,0,0,0,4.06314563710664,0,0,0,0,0,0,0,0,0,0,0,0,0,0,0,0,0,0,0,0,0,0,0,0,0,0,0,0,0,0,0,0,0,0,0,0,0,0,0,0,0,0,0,0,0,0,0,0,0,0,0,0,0,0,0,0,0,0,0,0,0
0,0,0,0,0,0,0,0,0,0,0,4.29090233289374,0,0,0,0,0,4.62227620865457,0,0,4.44010583903666,0,4.73336581250928,3.91190299604403,0,0,0,4.59487851139464,0,4.48863531108213,4.99176196566836,0,4.03096384237828,0,4.20186121627726,0,0,0,3.89353984356466,4.17073096933786,0,0,0,0,0,0,4.14525857696561,0,0,0,0,0,0,0,0,0,0,0,0,0,3.98434725758586,0,0,0,0,0,0,0,0,0,0,0,0,0,0,0,0,0,0,0,0,0,0,0,0,0,0,0,0,0,0,0,0,0,0,0,0,0,0,0,0,0,0,0,0,0,0,0,0,0,0,0,0,0,0,0,0,0,0,0,0,0,0,0,0,0,0,0,0,0,0,0,0,0,0,0,0,0,0,0,0,0,0,0,0,0,0,0,0,0,0,0,0,0,0,0,0,0
0,0,3.81967551999429,0,0,0,0,0,0,0,0,4.11038766587509,3.77107278322119,0,0,0,0,4.0907516896449,0,0,4.55978696820056,4.73336581250928,0,0,0,0,0,4.57232548784148,0,0,4.71909086663274,0,4.68622501398386,0,0,0,0,0,0,4.28284860283464,0,0,0,0,0,0,4.32522822787085,0,0,0,0,0,0,0,0,0,0,0,0,0,0,0,0,0,0,0,0,0,0,0,0,0,0,0,0,0,0,0,0,0,0,0,0,0,0,0,0,0,0,0,0,0,0,0,0,0,0,0,0,0,0,0,0,0,0,0,0,0,0,0,0,0,0,0,0,0,0,0,0,0,0,0,0,0,0,0,0,0,0,0,0,0,0,0,0,0,0,0,0,0,0,0,0,0,0,0,0,0,0,0,0,0,0,0,0,0,0,0
0,3.93018465229862,0,0,4.32487894311199,3.86658267706355,4.19242805533121,4.71200957155855,4.43237593753984,0,3.91513590662201,3.97703733522468,0,4.29116897571526,4.29536914851001,4.80249322411637,4.69252085581355,4.91470800162466,5.06877936300956,0,0,3.91190299604403,0,0,3.81941231120933,4.3478761996098,4.71479063859809,0,4.58723938172999,0,4.9038601763563,4.34258057738163,0,0,4.99536312699296,4.22569687165065,0,0,0,0,0,0,0,0,4.69686291576596,0,4.07623981977503,0,0,0,0,0,4.12881914219451,0,0,0,0,0,0,0,0,3.82749850813346,0,0,0,0,0,0,0,0,0,0,0,0,0,0,0,0,0,0,0,0,0,0,0,0,0,0,0,0,0,0,0,0,4.38683770795401,0,0,0,0,0,0,0,4.02787940920721,3.90222052827931,0,0,0,0,0,0,0,0,0,0,0,0,0,0,0,0,0,0,0,0,0,0,0,0,0,0,0,0,0,0,0,0,0,0,0,0,0,0,0,0,0,0,0,0,0,0,0,0,0,0,0,0,0,0
0,0,0,0,0,0,0,0,0,0,0,0,0,0,0,4.7340233243131,4.8215724784058,0,0,0,0,0,0,3.81941231120933,0,0,4.97836314708388,0,0,0,0,4.87628713737373,0,0,0,4.69311111546214,0,0,0,0,0,0,0,0,0,0,0,0,0,0,0,0,0,0,0,0,0,0,0,0,0,0,0,0,0,0,0,0,0,0,0,0,0,0,0,0,0,0,0,0,0,0,0,0,0,0,0,0,0,0,0,0,0,0,0,0,0,0,0,0,0,0,0,0,0,0,0,0,0,0,0,0,0,0,0,0,0,0,0,0,0,0,0,0,0,0,0,0,0,0,0,0,0,0,0,0,0,0,0,0,0,0,0,0,0,0,0,0,0,0,0,0,0,0,0,0,0,0
0,0,0,0,0,0,0,0,0,0,0,0,0,0,4.6444681323053,0,4.94319763006893,0,0,0,0,0,0,4.3478761996098,0,0,4.01990519980461,0,0,0,0,5.19875053267508,0,0,0,0,4.62766279609375,0,0,0,4.02885580939044,0,0,0,0,0,0,0,0,0,0,0,0,0,0,0,0,0,0,0,0,0,0,0,0,0,0,0,0,0,0,0,0,0,0,0,0,0,0,0,0,0,0,0,0,0,0,0,0,0,0,0,0,4.52609362473876,4.34984067628594,0,0,0,0,4.64361057304561,0,0,5.10786092327746,0,0,0,0,0,4.76863070264146,5.24002978111253,0,0,0,0,0,4.66327678663996,0,0,0,0,0,0,0,0,0,0,0,0,0,0,0,0,0,0,0,0,0,0,0,0,0,0,0,0,0,0,0,0,0,0,0,0,0,0,0,0,0,0
0,0,0,0,0,0,0,0,0,0,0,0,0,0,0,4.94440863837179,4.28943286385079,0,4.65273935768551,0,0,0,0,4.71479063859809,4.97836314708388,4.01990519980461,0,0,4.79950596346507,0,0,4.44737512431445,0,4.57676737184289,4.8493579816613,5.04072098360119,0,0,0,0,0,0,3.88592633980143,3.87685264760134,4.75319991419942,0,0,4.37062410084154,0,0,0,0,4.48191536510837,0,0,3.90789483541628,0,4.37874301881302,0,3.98645821273731,0,4.21245396104028,0,0,0,0,0,0,0,0,0,0,0,0,0,0,0,0,0,0,0,0,0,0,0,0,0,0,0,0,0,0,0,0,0,0,0,0,0,0,0,0,0,0,0,0,0,0,0,0,0,0,0,0,0,0,0,0,0,0,0,0,0,0,0,0,0,0,0,0,0,0,0,0,0,0,0,0,0,0,0,0,0,0,0,0,0,0,0,0,0,0,0,0,0,0,0,0
0,0,0,0,0,0,0,0,0,0,0,0,0,0,0,0,0,0,0,0,3.81551133736276,4.59487851139464,4.57232548784148,0,0,0,0,0,0,4.52443507053505,4.72213189074753,0,4.63669847310262,0,0,0,0,4.31092685537169,4.18892848376085,4.7039874112122,0,0,0,0,0,0,4.47659978839897,4.02395170742339,3.83550032786732,0,0,0,0,4.3544349980319,0,0,0,0,0,4.02534683450983,4.33935204904559,0,0,0,0,0,0,3.99860802931509,3.88121341625502,0,3.98036702618478,0,0,0,0,0,0,0,0,0,0,0,0,0,0,0,0,0,0,0,0,0,0,0,0,0,0,0,0,0,0,0,0,0,0,0,0,0,0,0,0,0,0,0,0,0,0,0,0,0,0,0,0,0,0,0,0,0,0,0,0,0,0,0,0,0,0,0,0,0,0,0,0,0,0,0,0,0,0,0,0,0,0,0,0,0,0,0
0,0,0,0,0,0,0,0,0,0,0,0,0,0,0,3.79267178914157,0,0,4.48505386006069,0,0,0,0,4.58723938172999,0,0,4.79950596346507,0,0,3.87995558512275,4.59454723332785,0,0,4.50789633202987,5.04060234011407,4.44932409309873,0,0,4.29525913648168,0,0,4.34214622363347,0,3.83244504117411,4.71603674961781,0,0,4.09447112864165,0,0,0,0,4.08724886779566,0,0,0,0,3.94041686468167,0,0,0,0,0,0,0,0,0,0,0,0,0,0,0,0,0,0,0,0,0,0,0,0,0,0,0,0,0,0,0,0,0,0,0,0,0,0,0,0,0,0,0,0,0,0,0,0,0,0,0,0,0,0,0,0,0,0,0,0,0,0,0,0,0,0,0,0,0,0,0,0,0,0,0,0,0,0,0,0,0,0,0,0,0,0,0,0,0,0,0,0,0,0,0,0,0,0,0,0
0,0,0,0,0,0,0,0,0,0,0,0,0,0,0,0,0,0,0,0,0,4.48863531108213,0,0,0,0,0,4.52443507053505,3.87995558512275,0,4.8002701848037,0,3.73086299204649,0,4.44734411767595,0,0,4.27286227558891,4.74916409192876,4.45990489411998,0,0,0,0,4.26500660566059,0,4.21769446020538,4.16722869417599,3.67449371729635,0,0,0,0,4.10917342142547,0,0,0,0,0,3.91740046795525,4.25633281842567,0,0,0,0,0,0,4.05034108183408,3.98574074105007,3.74012573696573,4.04481404752864,0,0,0,0,0,0,0,0,0,0,0,0,0,0,0,0,0,0,0,0,0,0,0,0,0,0,0,0,0,0,0,0,0,0,0,0,0,0,0,0,0,0,0,0,0,0,0,0,0,0,0,0,0,0,0,0,0,0,0,0,0,0,0,0,0,0,0,0,0,0,0,0,0,0,0,0,0,0,0,0,0,0,0,0,0,0,0
0,0,4.28445329401085,4.12991535750442,0,0,0,4.16241503610645,0,0,4.10178143132797,4.73946949387049,0,0,0,0,0,4.97088592228681,4.18449268852842,0,4.65910767919981,4.99176196566836,4.71909086663274,4.9038601763563,0,0,0,4.72213189074753,4.59454723332785,4.8002701848037,0,0,4.57196490853884,0,5.29281409132576,0,0,0,4.7770496417353,4.99224414404677,0,0,0,0,5.04565541936359,0,5.08814672435355,4.24107308075299,0,0,0,0,4.21359743674736,4.52117732540837,4.30109513495094,0,0,0,4.0234170898411,4.30781682666243,4.85574321077474,4.23540218015803,0,0,0,0,0,4.54667835930236,4.56048051938048,4.29981226549572,4.53322535214212,0,4.13858687065358,3.98806820339264,4.03722723458227,0,3.9977357765979,0,0,0,0,0,0,0,0,0,0,0,0,0,0,0,0,0,0,0,0,0,0,0,0,0,0,0,0,0,0,0,0,0,0,0,0,0,0,0,0,0,0,0,0,0,0,0,0,0,0,0,4.11038766587509,0,0,0,0,0,0,0,0,0,0,0,0,0,0,0,0,0,0,0,0,0,0,0,0,0,4.18641948915548,0,0,0
0,0,0,0,0,0,0,0,0,0,0,0,0,0,0,0,4.83140260856939,0,0,0,0,0,0,4.34258057738163,4.87628713737373,5.19875053267508,4.44737512431445,0,0,0,0,0,0,0,4.35757278405168,4.84797345626457,5.19365600545071,0,0,0,4.18466304462968,0,4.75070891083753,0,0,4.57305735690045,0,0,0,0,0,0,0,0,0,0,0,0,0,0,0,0,0,0,0,0,0,0,0,0,0,0,0,0,0,0,0,0,0,0,0,0,0,0,0,0,0,0,0,0,0,0,0,0,0,0,0,0,0,4.22850301665926,0,0,4.70541037324621,0,0,0,0,0,4.56407397897715,5.02837195201039,0,4.1475217435376,0,0,0,4.68484536164441,0,0,0,0,0,0,0,0,0,0,0,0,0,0,0,0,0,0,0,0,0,0,0,0,0,0,0,0,0,0,0,0,0,0,0,0,0,0,0,0,0,0
0,0,0,0,0,0,0,0,0,0,0,0,0,0,0,0,0,0,0,0,3.87198135384337,4.03096384237828,4.68622501398386,0,0,0,0,4.63669847310262,0,3.73086299204649,4.57196490853884,0,0,0,0,0,0,3.92381372109119,3.73183042028816,4.92371537131745,0,0,0,0,0,0,4.84026923803762,0,3.76537048029165,0,0,0,0,4.38201704257487,0,0,0,0,0,3.96435392929219,4.25753458598068,0,0,0,0,0,0,3.91949648786306,0,0,0,0,0,0,0,0,0,0,0,0,0,0,0,0,0,0,0,0,0,0,0,0,0,0,0,0,0,0,0,0,0,0,0,0,0,0,0,0,0,0,0,0,0,0,0,0,0,0,0,0,0,0,0,0,0,0,0,0,0,0,0,0,0,0,0,0,0,0,0,0,0,0,0,0,0,0,0,0,0,0,0,0,0,0,0,0,0,0
0,0,0,0,0,0,0,0,0,0,0,0,0,0,0,0,0,0,0,0,0,0,0,0,0,0,4.57676737184289,0,4.50789633202987,0,0,0,0,0,4.59924971901707,4.87247094934937,0,0,0,0,0,4.3505581179417,0,4.52163488349066,4.50182579327235,0,0,0,0,4.29556709996248,0,0,4.32522822787085,0,0,3.74382322160375,0,3.83454785768095,0,0,0,0,0,0,0,0,0,0,0,0,0,0,0,0,0,0,0,0,0,0,0,0,0,0,0,0,0,0,0,0,0,0,0,0,0,0,0,0,0,0,0,0,0,0,0,0,0,0,0,0,0,0,0,0,0,0,0,0,0,0,0,0,0,0,0,0,0,0,0,0,0,0,0,0,0,0,0,0,0,0,0,0,0,0,0,0,0,0,0,0,0,0,0,0,0,0,0,0
0,0,0,0,0,0,0,4.12332886692635,0,0,0,4.54943243709754,0,0,0,0,0,4.6996990068748,4.47642582705801,0,4.16423385469261,4.20186121627726,0,4.99536312699296,0,0,4.8493579816613,0,5.04060234011407,4.44734411767595,5.29281409132576,4.35757278405168,0,4.59924971901707,0,4.94189388060947,4.2498096094018,0,4.76393686815625,4.44703392947485,0,4.68522206533462,4.35787769922987,0,5.48572284574227,4.49616827417498,4.95269559958692,4.51609887705235,0,0,0,0,4.75842739146148,0,4.41227570193583,0,4.19542914245706,4.30137729234935,0,4.17073096933786,4.60965842826303,4.59887801320748,0,4.26885867499414,0,0,0,4.54041707579318,4.52343428674644,4.52527809662657,4.41652401426865,0,4.46351972340049,0,4.25760658639231,0,0,0,0,0,0,0,0,0,0,0,0,0,0,0,0,0,0,0,0,0,0,0,0,0,0,0,0,0,0,0,0,0,0,0,0,0,0,0,0,0,0,0,0,0,0,0,0,0,0,0,0,0,0,0,0,0,0,0,0,0,0,0,0,0,0,0,0,0,0,0,0,0,0,0,0,0,0,0,4.12616388880584,0,0,0
0,0,0,0,0,0,0,0,0,0,0,0,0,0,0,0,0,0,3.91270020819086,0,0,0,0,4.22569687165065,4.69311111546214,0,5.04072098360119,0,4.44932409309873,0,0,4.84797345626457,0,4.87247094934937,4.94189388060947,0,4.17029105862539,0,0,0,0,0,5.12525674086145,4.83785347897607,4.90998903809696,4.56135186591029,0,4.26543106682671,0,4.03470865134107,0,0,5.06861252274128,0,0,4.28874093879429,0,4.39157019541822,0,4.04520558603506,0,4.44588430291691,0,0,3.9411137270371,0,0,0,0,0,0,0,0,0,0,0,0,0,0,0,0,0,0,0,0,0,0,0,0,0,0,0,0,0,0,0,0,0,0,0,0,0,0,0,0,0,0,0,0,0,0,0,0,0,0,0,0,0,0,0,0,0,0,0,0,0,0,0,0,0,0,0,0,0,0,0,0,0,0,0,0,0,0,0,0,0,0,0,0,0,0,0,0,0,0,0,0,0
0,0,0,0,0,0,0,0,0,0,0,0,0,0,0,0,0,0,0,0,0,0,0,0,0,4.62766279609375,0,0,0,0,0,5.19365600545071,0,0,4.2498096094018,4.17029105862539,0,0,0,0,4.83087724711041,0,4.71466499286254,0,0,5.13760410692608,0,0,0,0,4.75048525243288,0,0,0,0,0,0,0,0,0,0,0,0,0,0,0,0,0,0,0,0,0,0,0,0,0,0,0,0,0,0,0,0,0,0,0,0,0,0,0,0,0,0,0,0,0,0,0,0,0,0,0,4.06896466594445,0,0,0,0,0,4.41200669524106,4.79959553642236,0,4.28976727095278,0,0,0,4.84039469141012,0,0,0,0,4.3038869217251,0,0,0,4.51462743241134,0,0,0,0,0,0,4.13792351204042,0,0,0,0,0,0,0,0,0,0,0,0,0,0,0,0,0,0,0,0,0,0,0,0,0,0
0,0,0,0,0,0,0,0,0,0,0,0,0,0,0,0,0,0,0,0,0,0,0,0,0,0,0,4.31092685537169,0,4.27286227558891,0,0,3.92381372109119,0,0,0,0,0,4.48492591104959,4.66279559477728,0,0,0,0,0,0,0,4.41185530571895,4.64035222259514,0,0,0,0,4.3626144018194,0,0,0,0,0,4.18743610977371,4.05161552300499,0,0,0,0,0,0,3.99002789877029,0,0,0,0,0,0,0,0,0,0,0,0,0,0,0,0,0,0,0,0,0,0,0,0,0,0,0,0,0,0,0,0,0,0,0,0,0,0,0,0,0,0,0,0,0,0,0,0,0,0,0,0,0,0,0,0,0,0,0,0,0,0,0,0,0,0,0,0,0,0,0,0,0,0,0,0,0,0,0,0,0,0,0,0,0,0,0,0,0,0
0,0,0,0,0,0,0,0,0,0,0,0,0,0,0,0,0,0,0,0,0,3.89353984356466,0,0,0,0,0,4.18892848376085,4.29525913648168,4.74916409192876,4.7770496417353,0,3.73183042028816,0,4.76393686815625,0,0,4.48492591104959,0,4.59576068614831,0,4.39936216351167,0,0,4.8066479455016,0,4.13668886567226,4.92479599579791,4.42221217103422,0,0,0,0,4.24209398388388,0,0,0,3.97529391535621,0,4.1757147073087,4.33346742690537,4.09750025223169,0,0,0,0,0,4.22185743541914,4.10765082614649,4.04103720786703,4.18985511378961,0,3.9006947744524,0,3.73423960443546,0,0,0,0,0,0,0,0,0,0,0,0,0,0,0,0,0,0,0,0,0,0,0,0,0,0,0,0,0,0,0,0,0,0,0,0,0,0,0,0,0,0,0,0,0,0,0,0,0,0,0,0,0,0,0,0,0,0,0,0,0,0,0,0,0,0,0,0,0,0,0,0,0,0,0,0,0,0,0,3.76492298464989,0,0,0
0,0,0,0,0,0,0,0,0,0,0,4.12447161891949,0,0,0,0,0,4.09443618801796,0,0,4.00086772153123,4.17073096933786,4.28284860283464,0,0,0,0,4.7039874112122,0,4.45990489411998,4.99224414404677,0,4.92371537131745,0,4.44703392947485,0,0,4.66279559477728,4.59576068614831,0,0,0,0,0,4.1285931069187,0,5.26284249029774,4.58281306717043,4.68490816828812,0,0,0,0,5.03341169158379,4.06792594968152,0,0,0,4.28339169729713,4.62228657207032,4.91635918305181,0,0,0,0,0,0,4.50759953534207,4.4202033743533,0,4.50274111880621,0,0,0,0,0,0,0,0,0,0,0,0,0,0,0,0,0,0,0,0,0,0,0,0,0,0,0,0,0,0,0,0,0,0,0,0,0,0,0,0,0,0,0,0,0,0,0,0,0,0,0,0,0,0,0,0,0,0,0,0,0,0,0,0,0,0,0,0,0,0,0,0,0,0,0,0,0,0,0,0,0,0,0,4.0200296335427,0,0,0
0,0,0,0,0,0,0,0,0,0,0,0,0,0,0,0,0,0,0,0,0,0,0,0,0,4.02885580939044,0,0,0,0,0,4.18466304462968,0,0,0,0,4.83087724711041,0,0,0,0,0,0,0,0,4.7761270711703,0,0,0,0,4.99229719520713,4.48261635940084,0,0,0,0,0,0,0,0,0,0,0,0,0,0,0,0,0,0,0,0,0,0,0,0,0,0,0,0,0,0,0,0,0,0,0,0,0,0,0,0,0,0,0,0,0,0,0,0,0,0,4.02440356268297,0,0,0,0,0,4.5059228772069,4.87985823728254,0,4.36530074863799,0,0,0,5.10162336486237,0,0,0,0,4.87043902201141,4.04024621505771,0,0,4.81977418217682,0,0,0,0,0,0,4.87059701217761,0,4.3611799018136,0,0,0,0,0,0,0,0,0,0,0,0,0,0,0,0,0,0,0,0,0,0,0,0
0,0,0,0,0,0,0,0,0,0,0,0,0,0,0,0,0,0,0,0,0,0,0,0,0,0,0,0,4.34214622363347,0,0,0,0,4.3505581179417,4.68522206533462,0,0,0,4.39936216351167,0,0,0,0,0,4.98579010518982,0,0,4.47234682032055,0,4.44246409028028,0,0,0,0,0,0,0,0,0,0,0,0,0,0,0,0,0,0,0,0,0,0,0,0,0,0,0,0,0,0,0,0,0,0,0,0,0,0,0,0,0,0,0,0,0,0,0,0,0,0,0,0,0,0,0,0,0,0,0,0,0,0,0,0,0,0,0,0,0,0,0,0,0,0,0,0,0,0,0,0,0,0,0,0,0,0,0,0,0,0,0,0,0,0,0,0,0,0,0,0,0,0,0,0,0,0,0,0
0,0,0,0,0,0,0,0,0,0,0,0,0,0,0,0,0,0,0,0,0,0,0,0,0,0,3.88592633980143,0,0,0,0,4.75070891083753,0,0,4.35787769922987,5.12525674086145,4.71466499286254,0,0,0,0,0,0,4.28248616218611,0,4.98546240181978,0,0,0,0,0,0,4.85548886908305,0,0,0,4.01207759953101,0,0,0,0,0,0,0,0,0,0,0,0,0,0,0,0,0,0,0,0,0,0,0,0,0,0,0,0,0,0,0,0,0,0,0,0,0,0,0,0,0,0,0,0,0,0,0,0,0,0,0,0,0,0,0,0,0,0,0,0,0,0,0,0,0,0,0,0,0,0,0,0,0,0,0,0,0,0,0,0,0,0,0,0,0,0,0,0,0,0,0,0,0,0,0,0,0,0,0,0,0
0,0,0,0,0,0,0,0,0,0,0,0,0,0,0,0,0,0,0,0,0,0,0,0,0,0,3.87685264760134,0,3.83244504117411,0,0,0,0,4.52163488349066,0,4.83785347897607,0,0,0,0,0,0,4.28248616218611,0,4.37226744409565,0,0,0,0,4.51716949626712,0,0,4.82144146753529,0,0,4.38619565612057,0,0,0,0,0,0,0,0,0,0,0,0,0,0,0,0,0,0,0,0,0,0,0,0,0,0,0,0,0,0,0,0,0,0,0,0,0,0,0,0,0,0,0,0,0,0,0,0,0,0,0,0,0,0,0,0,0,0,0,0,0,0,0,0,0,0,0,0,0,0,0,0,0,0,0,0,0,0,0,0,0,0,0,0,0,0,0,0,0,0,0,0,0,0,0,0,0,0,0,0,0,0
0,0,0,0,0,0,0,0,0,0,0,4.3372994914068,0,0,0,0,0,4.51251096391834,4.28096514809709,0,0,0,0,4.69686291576596,0,0,4.75319991419942,0,4.71603674961781,4.26500660566059,5.04565541936359,0,0,4.50182579327235,5.48572284574227,4.90998903809696,0,0,4.8066479455016,4.1285931069187,0,4.98579010518982,0,4.37226744409565,0,4.44754562126701,4.79104469080074,5.0371355427275,0,4.96060870239925,4.34131579459647,0,4.97434586467324,0,4.58487375345983,4.5221050122757,4.45421963566,4.90819539267125,0,4.26836732542148,0,4.91333692593262,4.33459447193228,4.5134306984441,4.12952877385878,4.22881084501136,0,4.31931430409051,0,4.63213322204048,0,4.23289450915601,4.63942671986024,0,4.31145716838103,0,0,0,0,0,0,0,0,0,0,0,0,0,0,0,0,0,0,0,0,0,0,0,0,0,0,0,0,0,0,0,0,0,0,0,0,0,0,0,0,0,0,0,0,0,0,0,4.15390628513887,0,4.33599917760813,0,0,0,0,0,0,4.21418130866382,0,0,0,0,0,0,0,0,0,0,0,0,0,0,0,0,0,0,0,0,0,0,0,0,0,0
0,0,0,0,0,0,0,0,0,0,0,0,0,0,0,0,0,0,0,0,0,0,0,0,0,0,0,0,0,0,0,4.57305735690045,0,0,4.49616827417498,4.56135186591029,5.13760410692608,0,0,0,4.7761270711703,0,4.98546240181978,0,4.44754562126701,0,4.11783451854375,0,0,0,4.99793218625614,4.8727446490755,4.80716957993013,0,0,0,4.72171171336783,0,0,0,0,0,0,0,0,0,0,0,0,0,0,0,0,0,0,0,0,0,0,0,0,0,0,0,0,0,0,0,0,0,0,0,0,0,0,0,0,0,0,0,0,0,0,0,0,0,0,0,0,0,0,0,0,0,0,4.42295078122702,0,0,0,0,4.41785350516848,0,0,0,4.66174644821243,0,0,0,0,0,0,4.52494108253626,0,4.14345199902163,0,0,0,0,0,0,0,0,0,0,0,0,0,0,0,0,0,0,0,0,0,0,0,0
0,0,3.98457231562163,0,0,0,0,0,0,0,0,4.4173388103194,0,0,0,0,0,4.4341535710666,0,0,4.18358299235102,4.14525857696561,4.32522822787085,4.07623981977503,0,0,0,4.47659978839897,0,4.21769446020538,5.08814672435355,0,4.84026923803762,0,4.95269559958692,0,0,0,4.13668886567226,5.26284249029774,0,0,0,0,4.79104469080074,4.11783451854375,0,0,0,0,0,0,4.02824581657247,4.82256687156825,4.76386955133337,0,0,0,5.02146219841347,4.25976106679866,5.14785247915493,4.04840295615274,0,0,0,4.37580987799591,0,4.5634217514942,4.88073929871255,4.30762438184812,4.6239931578054,4.00095439840646,4.22326224687663,4.10154087255835,4.36574998010489,3.9878449501713,4.07609404668248,4.09331660120433,0,0,0,0,0,0,0,0,0,0,0,0,0,0,0,0,0,0,0,0,0,0,0,0,0,0,0,0,0,0,0,0,0,0,0,0,0,0,0,0,0,0,0,0,0,0,4.3014640731433,0,0,0,4.57133608681689,0,0,0,0,0,0,0,0,0,0,4.68941542138201,0,0,0,4.38950275363846,0,0,0,0,0,4.28994551617667,0,0,0,0,4.28898658679163,0,0,0
0,0,0,0,0,0,0,0,0,0,0,0,0,0,0,0,0,0,0,0,0,0,0,0,0,0,4.37062410084154,4.02395170742339,4.09447112864165,4.16722869417599,4.24107308075299,0,0,0,4.51609887705235,4.26543106682671,0,4.41185530571895,4.92479599579791,4.58281306717043,0,4.47234682032055,0,0,5.0371355427275,0,0,0,4.73079034797951,4.34807109907989,0,0,4.07736790528416,4.41376901802415,0,4.00432137378264,0,4.90092943531172,0,4.67088568748405,4.26618464165091,4.40660829971602,0,0,0,0,0,4.26368340055719,4.00290006861139,3.83026780093364,4.14326468201122,0,0,0,0,0,0,0,0,0,0,0,0,0,0,0,0,0,0,0,0,0,0,0,0,0,0,0,0,0,0,0,0,0,0,0,0,0,0,0,0,0,0,0,0,0,0,0,0,0,0,0,0,0,0,0,0,0,0,0,0,0,0,0,0,0,0,0,0,0,0,0,0,0,0,0,0,0,0,0,0,0,0,0,0,0,0,0
0,0,0,0,0,0,0,0,0,0,0,0,0,0,0,0,0,0,0,0,0,0,0,0,0,0,0,3.83550032786732,0,3.67449371729635,0,0,3.76537048029165,0,0,0,0,4.64035222259514,4.42221217103422,4.68490816828812,0,0,0,0,0,0,0,4.73079034797951,0,0,0,0,0,4.79687948089,0,0,0,4.19791430331842,0,4.70965997225026,4.04921802267018,0,0,0,0,0,3.98258779070166,4.08532626242399,0,0,4.13494171073536,0,0,0,0,0,0,0,0,0,0,0,0,0,0,0,0,0,0,0,0,0,0,0,0,0,0,0,0,0,0,0,0,0,0,0,0,0,0,0,0,0,0,0,0,0,0,0,0,0,0,0,0,0,0,0,0,0,0,0,0,0,0,0,0,0,0,0,0,0,0,0,0,0,0,0,0,0,0,0,0,0,0,0,0,0,0,0
0,0,0,0,0,0,0,0,0,0,0,0,0,0,0,0,0,0,0,0,0,0,0,0,0,0,0,0,0,0,0,0,0,4.29556709996248,0,4.03470865134107,0,0,0,0,0,4.44246409028028,0,4.51716949626712,4.96060870239925,0,0,4.34807109907989,0,0,0,0,4.15609463063943,0,0,4.49708176280948,0,4.57779041822176,0,0,0,4.44771605131151,0,0,0,0,0,0,0,0,0,0,0,0,0,0,0,0,0,0,0,0,0,0,0,0,0,0,0,0,0,0,0,0,0,0,0,0,0,0,0,0,0,0,0,0,0,0,0,0,0,0,0,0,0,0,0,0,0,0,0,0,0,0,0,0,0,0,0,0,0,0,0,0,0,0,0,0,0,0,0,0,0,0,0,0,0,0,0,0,0,0,0,0,0,0,0,0
0,0,0,0,0,0,0,0,0,0,0,0,0,4.25548959807554,0,0,0,0,0,0,0,0,0,0,0,0,0,0,0,0,0,0,0,0,0,0,4.75048525243288,0,0,0,4.99229719520713,0,0,0,4.34131579459647,4.99793218625614,0,0,0,0,0,5.08829914009827,4.83252807233427,0,5.00356823067966,0,4.73139534424445,0,0,0,0,0,5.04273297962172,4.33517697277003,0,0,0,0,0,0,0,4.30700370116316,0,0,0,0,0,0,0,0,0,0,0,0,0,0,0,0,0,0,0,0,0,0,4.40920587418957,0,0,0,0,0,0,0,4.6364979261332,0,0,0,0,0,0,4.30539436677173,0,0,0,0,0,5.12620611118131,0,0,0,0,4.6891311972345,0,0,0,5.37328724790586,0,0,0,0,0,0,5.17971835366483,4.30550184146403,4.71174819471113,0,4.20090519168499,0,0,0,0,0,0,4.91117892328352,0,4.50085371146126,0,0,0,0,0,0,0,0,0,0,0,0,0
0,0,0,0,0,0,0,0,0,0,0,0,0,0,0,0,0,0,0,0,0,0,0,0,0,0,0,0,0,0,0,0,0,0,0,0,0,0,0,0,4.48261635940084,0,0,0,0,4.8727446490755,0,0,0,0,5.08829914009827,0,4.38388714426039,0,0,0,4.62828673108951,0,0,0,0,0,4.48397221504393,0,0,0,0,0,0,0,0,0,0,0,0,0,0,0,0,0,0,0,0,0,0,0,0,0,0,0,0,0,0,0,0,0,0,0,0,0,0,0,0,0,0,0,0,0,0,0,0,0,0,0,0,0,0,0,0,0,4.25719842613934,0,0,0,4.77848408191731,0,0,0,0,0,0,4.71050661647095,0,4.6131226860577,0,0,0,0,0,0,0,0,0,0,3.82801506422398,0,0,0,0,0,0,0,0,0,0,0,0,0
0,0,0,0,0,0,0,0,0,0,0,0,0,0,0,0,0,0,0,0,0,0,0,4.12881914219451,0,0,4.48191536510837,0,4.08724886779566,0,4.21359743674736,0,0,4.32522822787085,4.75842739146148,5.06861252274128,0,0,0,0,0,0,4.85548886908305,4.82144146753529,4.97434586467324,4.80716957993013,4.02824581657247,4.07736790528416,0,4.15609463063943,4.83252807233427,4.38388714426039,0,0,4.39771411680447,4.90038897940146,5.28173767170692,4.31777092295024,0,0,0,4.74853687350067,4.89351764547721,5.037892417234,4.76362263367323,0,0,0,0,0,0,4.22523172221465,4.00047746137446,0,0,0,0,0,0,0,0,0,0,0,0,0,0,0,0,0,0,0,0,0,0,0,0,0,0,0,0,0,0,0,0,0,0,0,0,0,0,0,0,0,0,0,0,0,0,0,0,0,0,0,4.50428051960728,0,0,0,0,0,0,4.39024604510922,0,3.97881938673284,0,0,0,0,0,0,0,0,4.33215557139555,0,4.08724886779566,0,0,0,0,0,0,0,0,0,0,0,0,0
0,0,0,0,0,0,0,0,0,0,0,0,0,0,0,0,0,0,0,0,0,0,0,0,0,0,0,4.3544349980319,0,4.10917342142547,4.52117732540837,0,4.38201704257487,0,0,0,0,4.3626144018194,4.24209398388388,5.03341169158379,0,0,0,0,0,0,4.82256687156825,4.41376901802415,4.79687948089,0,0,0,0,0,0,0,0,0,4.23396013849477,4.90081484933725,5.20319884504728,0,0,0,0,0,5.0282702327423,4.53885010645805,4.42396636868029,3.96189547366785,5.18984389373944,0,0,3.98398692196519,0,0,4.14391993838584,0,0,0,0,0,0,0,0,0,0,0,0,0,0,0,0,0,0,0,0,0,0,0,0,0,0,0,0,0,0,0,0,0,0,0,0,0,0,0,0,0,0,0,0,0,0,0,0,0,0,0,0,0,0,0,0,0,0,0,0,0,4.01510816064584,0,0,0,0,0,0,0,0,0,4.09614498129434,0,0,0,0,0,4.51469382103857,0,0,0
0,0,0,0,0,0,0,0,0,3.98918275125555,0,0,0,4.42824821434295,0,0,0,0,0,0,0,0,0,0,0,0,0,0,0,0,4.30109513495094,0,0,0,4.41227570193583,0,0,0,0,4.06792594968152,0,0,0,0,4.58487375345983,0,4.76386955133337,0,0,0,5.00356823067966,0,4.39771411680447,0,0,0,3.96801571399364,0,5.15641284506444,0,4.30539436677173,0,4.63603631635345,4.48288786937649,0,5.15537855372477,0,0,4.7389231865335,0,0,4.82174273347462,4.56928025111093,0,4.5906746805752,4.36485105200769,0,4.26104864334422,0,0,0,0,0,0,0,0,0,0,0,0,0,0,0,0,4.55630250076729,0,0,0,0,0,0,0,4.72143136910064,0,0,0,0,4.08346678547389,0,0,0,0,0,0,4.25825405350715,4.77691900284205,0,0,0,0,0,0,4.41695654539034,0,5.28489974415072,0,0,0,4.72801270666123,0,0,5.0767823943569,0,0,0,0,0,0,0,5.19305220990827,0,0,5.10495802445208,5.1817550056947,4.5582404319935,4.2559957267224,0,0,0,4.55435588322946,4.38030171030518,4.6728456786801,4.58375404363978,0,0,4.08653778375321,0,4.1611283253625
0,0,0,0,0,0,0,0,0,0,0,0,0,0,0,0,0,0,0,0,0,0,0,0,0,0,3.90789483541628,0,0,0,0,0,0,3.74382322160375,0,4.28874093879429,0,0,0,0,0,0,0,4.38619565612057,4.5221050122757,0,0,4.00432137378264,0,4.49708176280948,0,0,4.90038897940146,0,0,0,0,4.39144677873726,0,3.68051680938125,0,4.74231656100538,0,0,4.46268244249301,0,0,0,0,0,0,0,0,0,0,0,0,0,0,0,0,0,0,0,0,0,0,0,0,0,0,0,0,0,0,0,0,0,0,0,0,0,0,0,0,0,0,0,0,0,0,0,0,0,0,0,0,0,0,0,0,0,0,0,0,0,0,0,0,0,0,0,0,0,0,0,0,0,0,0,0,0,0,0,0,0,0,0,0,0,0,0,0,0,0,0,0,0
0,0,0,0,0,0,0,0,0,0,0,0,0,0,0,0,0,0,0,0,0,0,0,0,0,0,0,0,0,0,0,0,0,0,4.19542914245706,0,0,0,0,0,0,0,4.01207759953101,0,4.45421963566,4.72171171336783,0,0,0,0,4.73139534424445,4.62828673108951,5.28173767170692,0,3.96801571399364,0,0,0,0,0,0,0,4.80887237974411,4.70249946660707,4.25231893294165,0,0,0,0,0,0,0,0,0,0,0,0,0,0,0,0,0,0,0,0,0,0,0,0,0,0,0,0,0,0,0,0,0,0,0,0,0,0,0,0,0,0,0,0,0,0,0,0,0,0,0,0,0,0,0,0,0,0,0,4.41412062604382,0,0,0,0,0,0,4.29232253991492,0,4.04551856288449,0,0,0,0,0,0,0,0,0,0,0,0,0,0,0,0,0,0,0,0,0,0,0,0
0,0,0,0,0,0,0,0,0,0,0,0,0,0,0,0,0,0,0,0,0,0,0,0,0,0,4.37874301881302,0,3.94041686468167,0,0,0,0,3.83454785768095,4.30137729234935,4.39157019541822,0,0,3.97529391535621,0,0,0,0,0,4.90819539267125,0,0,4.90092943531172,4.19791430331842,4.57779041822176,0,0,4.31777092295024,0,0,4.39144677873726,0,0,0,4.77102127989003,0,5.04261488458852,0,0,4.16322102671558,0,0,4.61512905895927,0,4.24159628215407,0,0,0,0,0,0,0,0,0,0,0,0,0,0,0,0,0,0,0,0,0,0,0,0,0,0,0,0,0,0,0,0,0,0,0,0,0,0,0,0,0,0,0,0,0,0,0,0,0,0,0,0,0,0,0,0,0,0,0,0,0,0,0,0,0,0,0,0,0,0,0,0,0,0,0,0,0,0,0,0,0,0,0,0,0,0,0,0
0,0,0,0,0,0,0,0,0,0,0,0,0,0,0,0,0,0,0,0,0,0,0,0,0,0,0,0,0,0,4.0234170898411,0,0,0,0,0,0,0,0,4.28339169729713,0,0,0,0,0,0,5.02146219841347,0,0,0,0,0,0,4.23396013849477,5.15641284506444,0,0,0,0,0,4.838912027406,0,0,0,0,5.12813744983563,0,0,5.16093948668454,0,4.22180531799655,4.58218840352979,4.62948095618324,0,4.72190125545537,4.52949451843328,4.02027839411193,4.42543639540901,0,0,0,0,0,0,0,0,0,0,0,0,0,0,0,0,0,0,0,0,0,0,0,0,0,0,0,0,0,0,0,0,0,0,0,0,0,0,0,0,0,0,0,0,0,0,0,0,0,0,4.22162285774879,0,0,0,0,0,0,0,0,0,0,5.20395437631398,0,0,3.93711651076705,5.04113598074878,0,0,0,0,0,4.75495195237889,4.36558157275505,4.59446989873833,4.66721939844394,0,4.1545152657924,4.28321074126038,0,4.2951711067901
0,0,0,0,0,0,0,0,0,0,0,0,0,0,0,0,0,0,0,0,0,0,0,0,0,0,3.98645821273731,4.02534683450983,0,3.91740046795525,4.30781682666243,0,3.96435392929219,0,4.17073096933786,4.04520558603506,0,4.18743610977371,4.1757147073087,4.62228657207032,0,0,0,0,4.26836732542148,0,4.25976106679866,4.67088568748405,4.70965997225026,0,0,0,0,4.90081484933725,0,3.68051680938125,0,4.77102127989003,0,0,4.57167390055284,4.45262965162202,0,0,0,0,4.51936852704,4.79205533129228,4.11975062388458,4.16840908351963,4.46652657272118,0,0,3.76454971906447,0,0,3.82203724807259,0,0,0,0,0,0,0,0,0,0,0,0,0,0,0,0,0,0,0,0,0,0,0,0,0,0,0,0,0,0,0,0,0,0,0,0,0,0,0,0,0,0,0,0,0,0,0,0,0,0,0,0,0,0,0,0,0,0,0,0,0,0,0,0,0,0,0,0,0,0,0,0,0,0,0,0,0,3.97298922685535,0,0,0
0,0,0,0,0,0,0,0,0,0,0,4.18596689276784,0,0,0,0,0,4.23159700556491,0,0,3.96801571399364,3.98434725758586,0,0,0,0,0,4.33935204904559,0,4.25633281842567,4.85574321077474,0,4.25753458598068,0,4.60965842826303,0,0,4.05161552300499,4.33346742690537,4.91635918305181,0,0,0,0,0,0,5.14785247915493,4.26618464165091,4.04921802267018,0,0,0,0,5.20319884504728,4.30539436677173,0,0,0,4.838912027406,4.57167390055284,0,0,0,0,0,0,4.56020562297006,4.67616298918115,4.92583787804895,0,5.16667871845189,0,0,4.09387675539004,0,0,4.09412159584056,0,0,0,0,0,0,0,0,0,0,0,0,0,0,0,0,0,0,0,0,0,0,0,0,0,0,0,0,0,0,0,0,0,0,0,0,0,0,0,0,0,0,0,0,0,0,0,0,0,0,0,4.2610010233352,0,0,0,0,0,0,0,0,0,4.16151773313868,4.32917406341751,0,0,0,0,0,0,0,0,4.15736609176227,0,0,0,0,0,4.57581111826989,0,0,0
0,0,0,0,0,0,0,0,0,0,0,0,0,0,0,0,0,0,0,0,0,0,0,3.82749850813346,0,0,4.21245396104028,0,0,0,4.23540218015803,0,0,0,4.59887801320748,4.44588430291691,0,0,4.09750025223169,0,0,0,0,0,4.91333692593262,0,4.04840295615274,4.40660829971602,0,4.44771605131151,0,0,4.74853687350067,0,0,4.74231656100538,0,5.04261488458852,0,4.45262965162202,0,0,0,4.51448134169878,4.97754070594653,3.89170467623918,0,4.54745471057273,0,4.87622361574582,0,3.80915553174718,4.66846978520805,0,4.02460879612656,0,0,0,0,0,0,0,0,0,0,0,0,0,0,0,0,0,0,0,0,0,0,0,0,0,0,0,0,0,0,0,0,0,0,0,0,0,0,0,0,0,0,0,0,0,0,0,0,0,0,0,0,0,0,0,0,0,0,0,0,0,0,0,0,0,0,0,0,0,0,0,0,0,0,0,0,0,0,0,0,0,0,0
0,0,0,0,0,0,0,0,0,0,0,0,0,0,0,0,0,0,0,0,0,0,0,0,0,0,0,0,0,0,0,0,0,0,0,0,0,0,0,0,0,0,0,0,4.33459447193228,0,0,0,0,0,5.04273297962172,4.48397221504393,4.89351764547721,0,4.63603631635345,0,4.80887237974411,0,0,0,0,0,0,4.70215470634295,0,0,0,0,0,0,0,4.44178936653435,0,0,0,0,0,0,0,0,0,0,0,0,0,0,0,0,0,0,0,0,0,0,0,0,0,0,0,0,0,0,0,0,0,0,0,0,0,0,0,0,0,0,0,0,0,0,0,0,0,0,0,0,4.73516758445072,0,0,0,0,0,0,4.68819727806656,4.09985321988438,4.25767857486918,0,0,0,0,0,0,0,0,4.74152189177379,0,4.49674980739456,0,0,0,0,0,0,0,0,0,0,0,0,0
0,0,0,0,0,0,0,0,0,0,0,0,0,0,0,0,0,0,0,0,0,0,0,0,0,0,0,0,0,0,0,0,0,0,4.26885867499414,0,0,0,0,0,0,0,0,0,4.5134306984441,0,0,0,0,0,4.33517697277003,0,5.037892417234,0,4.48288786937649,0,4.70249946660707,0,0,0,0,4.51448134169878,4.70215470634295,0,4.82882095512493,4.59736605026603,0,0,0,0,0,4.79811175847346,4.77090353504969,0,0,0,0,0,0,0,0,0,0,0,0,0,0,0,0,0,0,0,0,0,0,0,0,0,0,0,0,0,0,0,0,0,0,0,0,0,0,0,0,0,0,0,0,0,0,0,0,0,0,0,0,0,0,0,0,0,0,0,0,0,0,0,0,0,0,0,0,0,4.47930172069772,0,0,0,0,0,0,0,0,0,0,0,0,0,0,0
